8 0.38359375 0.078125 0.36328125 0.15625
8 0.3734375 0.2234375 0.2953125 0.2015625
8 0.3296875 0.3796875 0.3125 0.21171875
8 0.2828125 0.540625 0.334375 0.20703125
8 0.2515625 0.7046875 0.31015625 0.1875
8 0.22265625 0.8765625 0.30078125 0.18515625
8 0.8578125 0.1515625 0.2453125 0.1734375
8 0.8109375 0.32109375 0.31015625 0.19921875
8 0.76328125 0.48828125 0.3296875 0.22109375
8 0.73671875 0.6453125 0.30546875 0.2046875
8 0.6984375 0.8125 0.34375 0.196875
8 0.65859375 0.9390625 0.321875 0.11796875